9 0.059375 0.4984375 0.084375 0.134375
9 0.61484375 0.565625 0.0640625 0.11875
3 0.046875 0.3765625 0.0828125 0.06875
9 0.13125 0.55546875 0.04375 0.115625
9 0.203125 0.5484375 0.0625 0.140625
9 0.284375 0.58984375 0.0515625 0.13125
9 0.43125 0.55078125 0.05625 0.115625
9 0.5078125 0.53359375 0.065625 0.1078125
9 0.821875 0.603125 0.04375 0.0984375
9 0.89296875 0.55703125 0.0453125 0.084375
9 0.9578125 0.54609375 0.0359375 0.078125
7 0.08006250000000001 0.394078125 0.05653125 0.1086875
7 0.134078125 0.4599375 0.058640625 0.066296875
7 0.21196874999999998 0.443640625 0.050171875 0.073875
7 0.28450000000000003 0.4838125 0.05242187499999999 0.064953125
7 0.3329375 0.46640625 0.06715625 0.056921875
7 0.8154843749999999 0.524 0.04971875 0.056046874999999996
7 0.8920468749999999 0.497890625 0.046578125 0.061843749999999996
7 0.9545312499999999 0.485375 0.046578125 0.0546875
7 0.5115000000000001 0.44787499999999997 0.039953125 0.06896875
7 0.586265625 0.459046875 0.033234375 0.082359375
7 0.623546875 0.495203125 0.0663125 0.07434375