9 0.7640625 0.70859375 0.1984375 0.409375
9 0.24375 0.71875 0.1515625 0.396875
9 0.4375 0.74453125 0.19375 0.34375
9 0.63125 0.76640625 0.171875 0.3390625
7 0.110078125 0.183234375 0.149140625 0.18465625000000002
8 0.095875 0.546171875 0.188921875 0.60653125
7 0.24289062499999997 0.459515625 0.1505625 0.163359375
7 0.45028125 0.527703125 0.125 0.1661875
7 0.625 0.542609375 0.15340625000000002 0.173296875
7 0.751421875 0.44815625 0.10510937499999999 0.157671875
7 0.82315625 0.295453125 0.129265625 0.15625
8 0.872875 0.54971875 0.254265625 0.40340625