9 0.8640625 0.39140625 0.1359375 0.2890625
9 0.4875 0.3921875 0.159375 0.29375
9 0.11796875 0.3875 0.1140625 0.2921875
7 0.12357812500000001 0.18253124999999998 0.0994375 0.132109375
7 0.878546875 0.175421875 0.0838125 0.14346874999999998
5 0.093046875 0.558234375 0.08096875 0.07954687499999999
5 0.17684375000000002 0.519890625 0.08096875 0.082390625
5 0.80184375 0.549 0.086640625 0.098015625
5 0.921875 0.54971875 0.10795312500000001 0.11079687499999999
0 0.129265625 0.91690625 0.176140625 0.129265625
0 0.86434375 0.91121875 0.21164062499999997 0.1349375