9 0.2125 0.65859375 0.134375 0.2265625
9 0.828125 0.41015625 0.0703125 0.134375
9 0.59765625 0.4484375 0.06875 0.1375
9 0.68515625 0.52109375 0.090625 0.1875
4 0.3609375 0.96328125 0.09375 0.0734375
7 0.2204375 0.47868750000000004 0.15428124999999998 0.157390625
7 0.61259375 0.349203125 0.059125000000000004 0.11270312499999999
7 0.6480937499999999 0.349203125 0.0975625 0.094828125
7 0.684921875 0.393859375 0.0819375 0.11270312499999999
7 0.744515625 0.338265625 0.06543750000000001 0.0595625
7 0.8163750000000001 0.29584375 0.055625 0.0729375
7 0.8710625000000001 0.15453125 0.093578125 0.062625
5 0.349234375 0.687640625 0.039531250000000004 0.09315625
8 0.8895781250000001 0.2639375 0.126484375 0.201078125