3 0.1703125 0.14921875 0.0625 0.090625
3 0.4765625 0.228125 0.0484375 0.0875
3 0.3171875 0.25078125 0.046875 0.071875
3 0.534375 0.26015625 0.0375 0.0625
3 0.3984375 0.26640625 0.0328125 0.0515625
3 0.6078125 0.29375 0.040625 0.090625
9 0.159375 0.378125 0.103125 0.2890625
3 0.7828125 0.39375 0.059375 0.0625
9 0.5421875 0.39921875 0.0484375 0.1875
9 0.396875 0.403125 0.0625 0.1921875
9 0.4734375 0.4125 0.09375 0.253125
9 0.5984375 0.4328125 0.08125 0.234375
9 0.315625 0.453125 0.09375 0.2640625
9 0.76953125 0.5828125 0.1078125 0.26875
0 0.68828125 0.7796875 0.05 0.0765625
0 0.2171875 0.78125 0.0828125 0.10625
0 0.1421875 0.853125 0.071875 0.0953125
0 0.66015625 0.75390625 0.059375 0.059375
0 0.61328125 0.71875 0.0515625 0.071875
0 0.284375 0.78125 0.0484375 0.075
1 0.10653125000000001 0.44460937500000003 0.085234375 0.1619375
1 0.21306250000000002 0.423296875 0.085234375 0.15909374999999998
1 0.27131249999999996 0.48864062500000005 0.053984374999999994 0.15625
1 0.35440625 0.48792187499999995 0.07528125 0.1775625
1 0.42684375 0.43537499999999996 0.055390625000000006 0.13778125000000002
1 0.5255625 0.44460937500000003 0.06534375 0.15625
1 0.667609375 0.624296875 0.0369375 0.1036875
7 0.667609375 0.33309375 0.0568125 0.10653125000000001