3 0.4140625 0.3296875 0.0484375 0.06875
3 0.234375 0.3359375 0.040625 0.0421875
3 0.3421875 0.34609375 0.0296875 0.0375
9 0.2875 0.36015625 0.04375 0.078125
9 0.19375 0.378125 0.040625 0.0546875
9 0.3328125 0.3796875 0.0390625 0.0390625
3 0.6625 0.39453125 0.034375 0.034375
9 0.4828125 0.39921875 0.025 0.075
3 0.4625 0.4015625 0.021875 0.0328125
3 0.5234375 0.40546875 0.0296875 0.0515625
9 0.62109375 0.4109375 0.040625 0.0828125
9 0.69296875 0.42421875 0.0265625 0.0578125
9 0.5515625 0.4296875 0.03125 0.0453125
9 0.334375 0.44140625 0.0359375 0.1046875
9 0.51484375 0.44453125 0.015625 0.046875
9 0.5421875 0.446875 0.053125 0.1296875
9 0.2359375 0.45234375 0.0703125 0.1484375
9 0.46640625 0.490625 0.025 0.10625
9 0.653125 0.51328125 0.075 0.159375
9 0.4015625 0.5265625 0.0890625 0.25
0 0.19432812500000002 0.7166718750000001 0.052953125000000004 0.12440625000000001
0 0.2575 0.7113125 0.040890625 0.11370312499999999
0 0.35503125 0.8678125 0.05292187499999999 0.10079687500000001
0 0.449890625 0.8695937499999999 0.05959375 0.14009375
0 0.51996875 0.669109375 0.030125000000000002 0.069484375
0 0.5637187499999999 0.69121875 0.028328125 0.100296875
0 0.63603125 0.74525 0.04796875 0.14585937499999999
0 0.71103125 0.73140625 0.05509375 0.12709375
1 0.309953125 0.3116875 0.02525 0.05553125
1 0.691171875 0.367953125 0.055546874999999996 0.060906249999999995
1 0.63425 0.36706249999999996 0.02653125 0.041265625