3 0.48828125 0.30078125 0.078125 0.08125
3 0.71796875 0.35546875 0.034375 0.0578125
3 0.95625 0.3921875 0.059375 0.05625
3 0.34140625 0.39453125 0.04375 0.06875
3 0.44765625 0.4109375 0.021875 0.0390625
3 0.5890625 0.43203125 0.028125 0.0421875
9 0.715625 0.5046875 0.0734375 0.1953125
9 0.34609375 0.55390625 0.0796875 0.2265625
9 0.5890625 0.5578125 0.059375 0.15625
9 0.9453125 0.6265625 0.10625 0.3015625
9 0.4703125 0.628125 0.14375 0.3984375
1 0.30398437500000003 0.578125 0.042609375 0.12215625000000001
1 0.386359375 0.574578125 0.048296875 0.1349375
1 0.6171875 0.561078125 0.055390625000000006 0.12215625000000001
1 0.6818125 0.53409375 0.0369375 0.12215625000000001
1 0.7635 0.531953125 0.07528125 0.13778125000000002
1 0.887078125 0.656953125 0.06392187499999999 0.22868750000000002