3 0.25859375 0.2125 0.0265625 0.0421875
3 0.5484375 0.228125 0.025 0.0484375
3 0.375 0.24609375 0.028125 0.0453125
3 0.61484375 0.25546875 0.0265625 0.0453125
3 0.43828125 0.27421875 0.028125 0.046875
3 0.50390625 0.28828125 0.021875 0.03125
9 0.55 0.334375 0.0546875 0.128125
3 0.2546875 0.34296875 0.0625 0.1578125
9 0.5671875 0.34765625 0.0203125 0.0921875
9 0.36875 0.3484375 0.0390625 0.1296875
9 0.43515625 0.3578125 0.0484375 0.115625
9 0.34375 0.35859375 0.025 0.0703125
9 0.5 0.375 0.0421875 0.115625
9 0.51796875 0.375 0.01875 0.071875
9 0.6125 0.375 0.059375 0.1546875
9 0.4609375 0.38203125 0.0140625 0.046875
9 0.4765625 0.384375 0.0140625 0.0609375
9 0.4125 0.3875 0.0125 0.0515625
9 0.58125 0.421875 0.015625 0.071875
9 0.6390625 0.42421875 0.0234375 0.0640625
0 0.23228125 0.567984375 0.048484375 0.068109375
0 0.281828125 0.57490625 0.039921875 0.0685625
0 0.351234375 0.521765625 0.0319375 0.0605
0 0.37534375 0.518875 0.026984374999999998 0.059171875
0 0.534703125 0.52065625 0.014953125000000001 0.08059374999999999
0 0.562828125 0.537625 0.026546874999999998 0.0788125
0 0.636046875 0.572453125 0.0413125 0.11276562500000001
0 0.601890625 0.569546875 0.037703125 0.0935625
0 0.42467187500000003 0.514625 0.031484374999999995 0.064078125
0 0.44609375 0.523328125 0.032796874999999996 0.06809375
0 0.482921875 0.518421875 0.035046875 0.04934375
0 0.51171875 0.520875 0.017640625 0.040859374999999996