3 0.807995 0.20285499624342598 0.14875 0.18782870022539444
3 0.04 0.31836964688204356 0.08 0.1446280991735537
3 0.13625 0.340465815176559 0.12 0.12208865514650638
3 0.325625 0.2808039068369647 0.11375 0.11081893313298272
3 0.533125 0.3230653643876784 0.09875 0.09015777610818933
3 0.485 0.4019534184823441 0.065 0.09391435011269722
9 0.03375 0.7498121712997746 0.0675 0.5003756574004508
9 0.147755 0.729984973703982 0.18375 0.4564237415477085
9 0.548125 0.6350563486100677 0.15125 0.3606311044327573
9 0.832005 0.668106686701728 0.23875 0.663786626596544
6 0.03509 0.37578512396694214 0.04442 0.031592787377911345
6 0.15172999999999998 0.3959203606311045 0.063885 0.06410969196093162
6 0.345735 0.31374154770848983 0.07837000000000001 0.05459804658151766
6 0.5502999999999999 0.37444778362133735 0.08306000000000001 0.04826446280991735
8 0.35591 0.6067468069120961 0.222365 0.3967392937640871