3 0.8935222222222222 0.22916666666666666 0.14629999999999999 0.16388333333333333
3 0.17777777777777778 0.2472166666666667 0.1703666666666667 0.18055
3 0.3273111111111111 0.32361666666666666 0.10277777777777777 0.12778333333333333
3 0.5263888888888889 0.31666666666666665 0.19722222222222222 0.19721666666666665
3 0.6865777777777777 0.29236666666666666 0.15833333333333333 0.17083333333333334
3 0.7652777777777777 0.25416666666666665 0.10833333333333334 0.15555
3 0.23842222222222223 0.17291666666666666 0.125 0.13471666666666665
3 0.08842222222222222 0.30763333333333337 0.07314444444444444 0.08471666666666666
9 0.18055555555555555 0.7027833333333333 0.1703666666666667 0.56945
9 0.5041666666666667 0.76875 0.23425555555555558 0.4625
9 0.6861111111111111 0.70555 0.14629999999999999 0.5388833333333333
9 0.8671333333333333 0.6479166666666667 0.17129999999999998 0.5458333333333333
9 0.32222222222222224 0.5909666666666666 0.07963333333333333 0.33194999999999997
9 0.03657777777777778 0.5486166666666666 0.06203333333333333 0.31111666666666665