3 0.1640625 0.19122731201382887 0.10625 0.11884183232497839
9 0.14375 0.4505185825410544 0.1625 0.3089887640449438
3 0.538725 0.18573033707865166 0.10786875 0.10467588591184097
3 0.8427875 0.12248919619706136 0.10181875 0.08190146931719966
3 0.43908749999999996 0.7638980121002593 0.10818125 0.09996542783059637
9 0.35199375000000005 0.6717977528089888 0.16231874999999998 0.33293863439930854
9 0.84578125 0.414019014693172 0.16155625 0.3198271391529819
6 0.8421875 0.16350043215211754 0.071875 0.05905790838375108
8 0.5520812500000001 0.43359550561797755 0.17708125 0.24777009507346587
6 0.525 0.21319792566983578 0.07916875 0.0460933448573898
7 0.35104375 0.39109766637856525 0.10625 0.08498703543647364
6 0.3546875 0.44007778738115816 0.078125 0.044658599827139156
6 0.1671875 0.22687986171132238 0.08645625000000001 0.05330164217804667