3 0.24327500000000002 0.28462499999999996 0.3903875 0.569225
3 0.4322125 0.49520000000000003 0.14135 0.225
3 0.8663500000000001 0.635575 0.19422499999999998 0.390375
3 0.057687499999999996 0.448075 0.1153875 0.45770000000000005
9 0.2826875 0.8836499999999999 0.5653875 0.2327
9 0.4875 0.9048 0.22114999999999999 0.19037500000000002
9 0.844225 0.939425 0.31153749999999997 0.12115000000000001
9 0.035575 0.9277 0.07115 0.144575
7 0.620225 0.063975 0.1433875 0.12205
6 0.6216875000000001 0.1419 0.11985 0.075
8 0.6169125 0.536775 0.1941125 0.46765