3 0.187646484375 0.2056451612903226 0.10619140625 0.12456011730205278
6 0.186044921875 0.26844574780058655 0.068271484375 0.03834310850439882
9 0.142021484375 0.52316715542522 0.164677734375 0.38161290322580643
7 0.391513671875 0.493475073313783 0.099423828125 0.11369501466275661
9 0.368203125 0.8008357771260997 0.18736328125 0.38302052785923757
3 0.630322265625 0.24052785923753664 0.1343359375 0.16825513196480937
8 0.628505859375 0.5161876832844575 0.206669921875 0.34158357771261
3 0.875400390625 0.4624486803519061 0.108017578125 0.11030791788856306
9 0.879365234375 0.7446920821114369 0.17453125 0.37826979472140765
6 0.3923046875 0.5661290322580645 0.066298828125 0.07002932551319647
6 0.875009765625 0.5411876832844574 0.065986328125 0.04947214076246335