9 0.8988684582743989 0.7238330975954739 0.18434700612918434 0.4801980198019802
3 0.1768033946251768 0.14462517680339462 0.1074964639321075 0.12376237623762376
3 0.5282885431400283 0.2188826025459689 0.10985384252710985 0.10678925035360678
3 0.347006129184347 0.3065770862800566 0.10278170674210278 0.10678925035360678
3 0.6765676567656765 0.32637906647807635 0.1074964639321075 0.10113154172560113
3 0.8884959924563886 0.33345120226308345 0.11551155115511551 0.1082036775106082
9 0.15322960867515323 0.4582743988684583 0.16595945308816595 0.38896746817538896
8 0.5301744460160301 0.5434936350777935 0.17774634606317774 0.384016973125884
9 0.33545497406883545 0.6067892503536068 0.16737388024516736 0.3734087694483734
9 0.7036775106082037 0.6644271570014144 0.1522866572371523 0.40947666195190946
2 0.1762140499764262 0.1935997171145686 0.060113154172560114 0.05480905233380481
6 0.3536067892503536 0.35183875530410186 0.06364922206506365 0.038896746817538894
6 0.5233380480905233 0.2784653465346535 0.08015087223008015 0.033592644978783594
6 0.6671381423856672 0.38189533239038187 0.058934464875058934 0.028288543140028287
6 0.8793022159358793 0.3854314002828854 0.07307873644507308 0.028288543140028287