3 0.45185185185185184 0.4575208913649025 0.05555555555555555 0.057103064066852366
3 0.25462962962962965 0.4672701949860724 0.08333333333333333 0.06545961002785515
3 0.649537037037037 0.4937325905292479 0.03611111111111111 0.0403899721448468
3 0.5388888888888889 0.5015877437325905 0.044444444444444446 0.05013927576601671
3 0.36018518518518516 0.5090529247910863 0.05555555555555555 0.07103064066852367
3 0.6013888888888889 0.5201949860724234 0.049074074074074076 0.0766016713091922
9 0.6550925925925926 0.6107242339832869 0.06388888888888888 0.15459610027855153
9 0.44907407407407407 0.6204735376044568 0.09074074074074075 0.201949860724234
9 0.5878148148148148 0.6998607242339833 0.07777777777777778 0.23537604456824512
9 0.36712962962962964 0.7012534818941504 0.10092592592592593 0.24094707520891365
9 0.2439814814814815 0.7026462395543176 0.12129629629629629 0.2827298050139276