3 0.9176923076923077 0.2868663594470046 0.07230769230769231 0.052995391705069124
3 0.1346153846153846 0.3294930875576037 0.07538461538461538 0.07834101382488479
3 0.36153846153846153 0.33755760368663595 0.052307692307692305 0.04377880184331797
3 0.4412615384615384 0.34963133640552996 0.052307692307692305 0.029953917050691243
3 0.7269230769230769 0.35599078341013823 0.05384615384615385 0.04377880184331797
3 0.2469230769230769 0.3617511520737327 0.05692307692307692 0.05069124423963134
3 0.5950615384615385 0.36039170506912444 0.04461538461538461 0.04608294930875576
8 0.9214 0.4402304147465438 0.09692307692307692 0.17972350230414746
8 0.4423076923076923 0.4596774193548387 0.08153846153846153 0.12211981566820276
8 0.3415384615384615 0.4608294930875576 0.07384615384615385 0.15668202764976957
8 0.7338461538461538 0.4631336405529954 0.09846153846153846 0.11059907834101383
8 0.6007692307692307 0.4642857142857143 0.07846153846153846 0.1175115207373272
8 0.13230769230769232 0.4988479262672811 0.10153846153846154 0.195852534562212
8 0.24864615384615385 0.5023041474654378 0.1 0.17050691244239632