3 0.14916666666666667 0.1320049813200498 0.18333333333333332 0.16687422166874222
3 0.5204166666666666 0.15006226650062265 0.10583333333333333 0.1133250311332503
3 0.8614833333333333 0.20001245330012454 0.19389166666666666 0.15760896637608968
3 0.2838 0.263038605230386 0.085 0.0921544209215442
3 0.7604166666666666 0.2646326276463263 0.0725 0.1133250311332503
8 0.5291666666666667 0.5143212951432129 0.20666666666666667 0.41344956413449563
8 0.7570833333333333 0.5560398505603985 0.1275 0.3150684931506849
8 0.15375 0.5647571606475716 0.25583333333333336 0.41469489414694893
8 0.8970833333333333 0.6556662515566625 0.17583333333333334 0.4669987546699875
6 0.8430583333333334 0.2781195516811955 0.150925 0.08579078455790784
6 0.525 0.22069738480697385 0.10740833333333333 0.05396014943960149
6 0.2907416666666667 0.3230884184308842 0.08333333333333333 0.04566625155666252
6 0.1625 0.22830635118306353 0.14351666666666665 0.06919053549190536
8 0.336575 0.547945205479452 0.099075 0.31547945205479455