3 0.359375 0.3055555555555556 0.060546875 0.10069444444444445
3 0.4140625 0.3151041666666667 0.072265625 0.11284722222222222
3 0.03955078125 0.3342013888888889 0.0791015625 0.17881944444444445
3 0.559912109375 0.3167013888888889 0.0712890625 0.0946875
3 0.1728515625 0.3411458333333333 0.06640625 0.11979166666666667
3 0.762578125 0.3218402777777778 0.069638671875 0.08973958333333333
3 0.23291015625 0.3923611111111111 0.0849609375 0.12152777777777778
8 0.5703125 0.5130208333333334 0.1015625 0.21354166666666666
8 0.40771484375 0.5434027777777778 0.1123046875 0.2708333333333333
8 0.765625 0.5694444444444444 0.119140625 0.3159722222222222
8 0.22998046875 0.640625 0.1142578125 0.3402777777777778
8 0.04931640625 0.6840277777777778 0.0986328125 0.4375
6 0.76171875 0.3719270833333333 0.06310546875 0.038732638888888886
6 0.557392578125 0.3665798611111111 0.066103515625 0.04673611111111112
8 0.158125 0.49078125 0.057841796875 0.1242013888888889