8 0.6022298994974874 0.4851415094339623 0.06626884422110553 0.11839622641509434
8 0.5158605527638191 0.49386792452830186 0.0882537688442211 0.1830188679245283
8 0.3946293969849246 0.5108490566037736 0.08762562814070352 0.15566037735849056
8 0.8313442211055276 0.5205188679245283 0.0942211055276382 0.17971698113207546
8 0.6826319095477387 0.5405660377358491 0.09202261306532664 0.16792452830188678
8 0.2776381909547739 0.55 0.055904522613065326 0.17735849056603772
8 0.21136934673366833 0.5686320754716981 0.10427135678391959 0.294811320754717
8 0.9431532663316583 0.6172169811320755 0.11369346733668342 0.40141509433962264
3 0.5080087939698492 0.3304245283018868 0.05998743718592965 0.04481132075471698
7 0.8186243718592965 0.34693396226415096 0.05684673366834171 0.06462264150943396
3 0.21749371859296482 0.35094339622641507 0.058103015075376886 0.059433962264150944
3 0.5907663316582915 0.36650943396226415 0.03706030150753769 0.04150943396226415
7 0.3861494974874372 0.3778301886792453 0.04239949748743719 0.05
3 0.2694723618090452 0.3778301886792453 0.04459798994974874 0.059433962264150944
3 0.6719535175879398 0.38372641509433963 0.061243718592964826 0.04764150943396227
3 0.9789572864321608 0.3191839622641509 0.042085427135678394 0.09748584905660376