3 0.36533333333333334 0.2590909090909091 0.032 0.05909090909090909
3 0.6106666666666667 0.2772727272727273 0.042666666666666665 0.05
3 0.5233333333333333 0.29545454545454547 0.028 0.05
9 0.5 0.3068181818181818 0.05333333333333334 0.07272727272727272
8 0.4186666666666667 0.3306818181818182 0.058666666666666666 0.1431818181818182
3 0.33666666666666667 0.38295454545454544 0.03866666666666667 0.07045454545454545
3 0.6806666666666666 0.38295454545454544 0.04666666666666667 0.075
3 0.5946666666666667 0.4102272727272727 0.048 0.07954545454545454
7 0.20666666666666667 0.45681818181818185 0.037333333333333336 0.05
8 0.33266666666666667 0.49772727272727274 0.08133333333333333 0.17727272727272728
3 0.09066666666666667 0.5284090909090909 0.05333333333333334 0.07954545454545454
8 0.586 0.5352272727272728 0.06266666666666666 0.18863636363636363
8 0.23066666666666666 0.5522727272727272 0.06666666666666667 0.13636363636363635
7 0.104 0.6068181818181818 0.042666666666666665 0.05
3 0.766 0.65 0.04133333333333333 0.05
3 0.8126666666666666 0.6511363636363636 0.036 0.075
8 0.118 0.6886363636363636 0.08133333333333333 0.1318181818181818
8 0.8826666666666667 0.7147727272727272 0.08266666666666667 0.1159090909090909
3 0.49066666666666664 0.7340909090909091 0.04533333333333334 0.08181818181818182
8 0.742 0.75 0.076 0.1409090909090909
8 0.43666666666666665 0.7511363636363636 0.07333333333333333 0.10681818181818181
3 0.4046666666666667 0.225 0.04666666666666667 0.05
8 0.6831333333333334 0.45120454545454547 0.054906666666666666 0.08690909090909091