3 0.8875 0.33 0.08166666666666667 0.07
3 0.19666666666666666 0.3475 0.06 0.055
3 0.4708333333333333 0.365 0.04833333333333333 0.04
3 0.5433333333333333 0.37125 0.03 0.0375
3 0.30583333333333335 0.3925 0.04833333333333333 0.055
3 0.4009666666666667 0.39645 0.03833333333333333 0.0425
8 0.5458333333333333 0.5147999999999999 0.06166666666666667 0.18
8 0.4741666666666667 0.52625 0.065 0.1925
8 0.4058333333333333 0.55 0.055 0.195
8 0.18583333333333332 0.57875 0.115 0.2725
8 0.31485 0.58125 0.08666666666666667 0.2075
8 0.9138499999999999 0.586475 0.115 0.3425