3 0.15 0.1203125 0.08125 0.078125
3 0.2625 0.1875 0.046875 0.05
3 0.39921875 0.16484375 0.0484375 0.0484375
3 0.46484375 0.178125 0.0515625 0.071875
3 0.875 0.19375 0.04375 0.04375
3 0.9296875 0.08359375 0.08125 0.0765625
9 0.1796875 0.32578125 0.253125 0.3015625
9 0.265625 0.36953125 0.0625 0.1140625
9 0.39140625 0.30390625 0.0765625 0.1546875
9 0.4734375 0.309375 0.090625 0.190625
9 0.67109375 0.290625 0.1015625 0.190625
9 0.9046875 0.3375 0.11875 0.325
0 0.8859375 0.765625 0.078125 0.046875
0 0.62109375 0.64609375 0.0546875 0.0265625
0 0.68984375 0.6453125 0.0328125 0.025
0 0.4640625 0.64375 0.046875 0.034375
3 0.67109375 0.13125 0.0828125 0.053125
5 0.10059375 0.495875 0.061890625 0.080140625
1 0.526453125 0.411484375 0.038609375 0.06315625
1 0.35034375 0.42934374999999997 0.030156250000000002 0.065453125
1 0.41507812499999996 0.40099999999999997 0.025687500000000002 0.073421875
1 0.8924843750000001 0.4369375 0.038546875 0.051546875000000006
1 0.6134999999999999 0.407015625 0.0430625 0.072078125
1 0.705890625 0.42734375 0.040359374999999996 0.063609375
5 0.327125 0.310796875 0.05515625 0.08946875
1 0.22781250000000003 0.459265625 0.057406250000000006 0.096203125
1 0.297453125 0.44564062499999996 0.03596875 0.0734375