7 0.4475 0.27861163227016883 0.1025 0.07692307692307693
7 0.676875 0.2851782363977486 0.06875 0.04127579737335835
7 0.15875 0.29080675422138835 0.0875 0.07129455909943715
7 0.5625 0.32833020637898686 0.06 0.0525328330206379
7 0.28633749999999997 0.3391932457786116 0.082325 0.08549718574108818
9 0.884375 0.4521575984990619 0.20375 0.3827392120075047
9 0.68 0.6041275797373359 0.175 0.3902439024390244
9 0.146875 0.6172607879924953 0.20375 0.46904315196998125
9 0.4267875 0.6026454033771107 0.16463750000000002 0.3621013133208255
7 0.8775 0.14352720450281425 0.0775 0.06566604127579738
6 0.44286250000000005 0.3477673545966229 0.0892875 0.04690431519699812
6 0.2875 0.38729831144465293 0.071425 0.050919324577861164
6 0.16071249999999998 0.33502814258911817 0.078575 0.06165103189493433
2 0.86295 0.20101313320825517 0.084825 0.042889305816135086
6 0.6794625000000001 0.3330206378986867 0.071425 0.04153846153846154