7 0.3705555555555556 0.25363636363636366 0.08333333333333333 0.08181818181818182
8 0.5477777777777778 0.4172727272727273 0.15333333333333332 0.4090909090909091
9 0.7246555555555556 0.47790909090909095 0.11273333333333332 0.38125454545454546
9 0.18055555555555555 0.4954545454545455 0.16333333333333333 0.39454545454545453
8 0.3688888888888889 0.4954545454545455 0.1288888888888889 0.2818181818181818
7 0.53 0.06727272727272728 0.09111111111111111 0.06909090909090909
7 0.8672222222222222 0.10636363636363637 0.07666666666666666 0.07454545454545454
3 0.7155555555555555 0.1390909090909091 0.09333333333333334 0.11818181818181818
7 0.20333333333333334 0.1509090909090909 0.07555555555555556 0.06545454545454546
6 0.37222222222222223 0.2867090909090909 0.07777777777777778 0.047545454545454544
6 0.20427777777777778 0.2111818181818182 0.08205555555555555 0.05594545454545454
6 0.5312 0.12727272727272726 0.08632222222222222 0.053145454545454544
6 0.860688888888889 0.17412727272727271 0.07692222222222223 0.05454545454545454
2 0.7179444444444444 0.1986 0.09402222222222223 0.06712727272727273
9 0.8854666666666666 0.4293636363636364 0.13504444444444444 0.3664363636363636