3 0.21710069444444444 0.33203125 0.08524305555555556 0.1015625
3 0.8127604166666667 0.34765625 0.10989583333333333 0.13802083333333334
3 0.6313368055555556 0.3515625 0.09427083333333333 0.08333333333333333
3 0.5296875 0.3697916666666667 0.08541666666666667 0.11458333333333333
3 0.11380208333333333 0.3697916666666667 0.1078125 0.08854166666666667
3 0.365625 0.3736979166666667 0.08715277777777777 0.11197916666666667
3 0.7355034722222222 0.4309895833333333 0.10121527777777778 0.1015625
8 0.22230902777777778 0.6106770833333334 0.1234375 0.3515625
9 0.5262152777777778 0.6171875 0.12708333333333333 0.3229166666666667
9 0.6296006944444444 0.6263020833333334 0.11857638888888888 0.3098958333333333
9 0.34739583333333335 0.6302083333333334 0.14791666666666667 0.3333333333333333
8 0.11987847222222223 0.6549479166666666 0.10954861111111111 0.3463541666666667
9 0.8283854166666667 0.6875 0.13420138888888888 0.421875
6 0.3576388888888889 0.4088541666666667 0.06944444444444445 0.046875
6 0.2230902777777778 0.3802083333333333 0.06076388888888889 0.026041666666666668
6 0.6189236111111112 0.40625 0.046875 0.036458333333333336
6 0.7118055555555556 0.46875 0.04513888888888889 0.041666666666666664
2 0.5182291666666666 0.4049479166666667 0.07465277777777778 0.044270833333333336