3 0.2165 0.19333333333333333 0.099 0.10933333333333334
3 0.495 0.24533333333333332 0.084 0.08533333333333333
3 0.37 0.252 0.082 0.08266666666666667
3 0.605 0.252 0.074 0.09066666666666667
3 0.74 0.268 0.09 0.088
9 0.222 0.472 0.17 0.37333333333333335
9 0.758 0.476 0.138 0.2853333333333333
9 0.489 0.4786666666666667 0.118 0.30133333333333334
9 0.613 0.48 0.124 0.2773333333333333
9 0.371 0.492 0.13 0.31466666666666665
6 0.22143000000000002 0.23238666666666666 0.06286 0.03048
6 0.37786000000000003 0.2923866666666667 0.05857 0.03238666666666667
6 0.49857 0.28381333333333336 0.05143 0.03048
6 0.6107100000000001 0.29142666666666667 0.06143 0.03048
6 0.7435700000000001 0.30666666666666664 0.05571 0.03809333333333333