8 0.7212230215827338 0.6145169200588524 0.09385219097449313 0.24031387935262383
8 0.5019620667102681 0.6292300147130947 0.1196860693263571 0.2599313388916135
8 0.6278613472858077 0.6405100539480137 0.06409417920209287 0.17459538989700835
8 0.2689666448659254 0.6733692986758215 0.1409417920209287 0.358018636586562
3 0.2912034009156311 0.3643943109367337 0.09385219097449313 0.09318293281020108
3 0.7079790712884239 0.38523786169691027 0.08109875735775017 0.10053948013732222
3 0.5106278613472858 0.4153997057381069 0.07880967952910399 0.07748896517900931
3 0.6296599084368869 0.46419813634134377 0.0500327011118378 0.06718979892103973
3 0.9292020928711576 0.213339872486513 0.14159581425768475 0.18146150073565473
6 0.28368214519293655 0.40828837665522316 0.08011772400261609 0.04168710152035311
6 0.513407455853499 0.435262383521334 0.05559189012426422 0.03678273663560569
6 0.6368541530412034 0.4744973025993134 0.03433616742969261 0.026974006866110838
6 0.7063440156965337 0.4230014713094654 0.05559189012426422 0.03678273663560569
6 0.9107259646827992 0.2746444335458558 0.06867233485938522 0.09318293281020108