3 0.284 0.5465465465465466 0.04 0.04804804804804805
3 0.424 0.5495495495495496 0.036 0.04804804804804805
3 0.634 0.5525525525525525 0.04 0.04804804804804805
3 0.704 0.5570570570570571 0.048 0.05105105105105105
3 0.351 0.5585585585585585 0.042 0.04804804804804805
7 0.495 0.5690690690690691 0.042 0.04504504504504504
3 0.57 0.5960960960960962 0.044 0.057057057057057055
8 0.284 0.6666666666666666 0.06 0.16216216216216217
8 0.496 0.6726726726726727 0.068 0.12012012012012012
8 0.426 0.6756756756756757 0.068 0.14414414414414414
8 0.354 0.6771771771771772 0.072 0.12912912912912913
8 0.637 0.6771771771771772 0.062 0.15315315315315314
8 0.702 0.6786786786786787 0.068 0.15615615615615616
8 0.573 0.7102102102102102 0.07 0.14114114114114115