3 0.3333333333333333 0.2973372781065089 0.12444444444444444 0.08579881656804733
3 0.45666666666666667 0.3520710059171598 0.07333333333333333 0.07100591715976332
3 0.55 0.3772189349112426 0.06 0.04437869822485207
3 0.19666666666666666 0.378698224852071 0.06 0.05325443786982249
3 0.06777777777777778 0.3979289940828402 0.06888888888888889 0.05029585798816568
3 0.6877777777777778 0.41272189349112426 0.051111111111111114 0.05029585798816568
8 0.7 0.5606508875739645 0.10666666666666667 0.1863905325443787
8 0.05184444444444444 0.5636094674556213 0.07111111111111111 0.19230769230769232
8 0.5488888888888889 0.5680473372781065 0.07111111111111111 0.21893491124260356
8 0.3466666666666667 0.6804733727810651 0.14222222222222222 0.4260355029585799
6 0.3674 0.3777218934911243 0.05628888888888889 0.04535502958579882
8 0.4474 0.5857988165680473 0.08888888888888889 0.29192307692307695