3 0.383544921875 0.851401179941003 0.09228515625 0.12020648967551623
3 0.36572265625 0.9155604719764012 0.1474609375 0.16887905604719763
3 0.525146484375 0.9756637168141593 0.13134765625 0.048672566371681415
3 0.2578125 0.32079646017699115 0.0810546875 0.0855457227138643
3 0.51806640625 0.32632743362831856 0.11328125 0.1467551622418879
3 0.37255859375 0.34365781710914456 0.0859375 0.09292035398230089
7 0.738525390625 0.34513274336283184 0.09521484375 0.15486725663716813
7 0.456298828125 0.34623893805309736 0.02880859375 0.08333333333333333
7 0.682373046875 0.37352507374631266 0.04833984375 0.1467551622418879
3 0.01806640625 0.4103982300884956 0.0361328125 0.06858407079646017
7 0.951904296875 0.5575221238938053 0.09619140625 0.16666666666666666
3 0.094970703125 0.6902654867256637 0.08447265625 0.1224188790560472
3 0.17626953125 0.7153392330383481 0.11328125 0.1224188790560472
8 0.9549951171875 0.7491371681415929 0.0838232421875 0.23475663716814157
8 0.791015625 0.5518657817109145 0.146484375 0.2359882005899705
6 0.7255029296875 0.3675 0.0594091796875 0.03932890855457227
6 0.6795263671875 0.3570575221238938 0.0358056640625 0.03564159292035398
8 0.2335595703125 0.520523598820059 0.1188134765625 0.29129793510324486
8 0.361328125 0.5549410029498525 0.0830078125 0.2691740412979351