3 0.162109375 0.3367496339677892 0.060546875 0.06442166910688141
3 0.8505859375 0.3718887262079063 0.0625 0.05856515373352855
3 0.759765625 0.3806734992679356 0.060546875 0.07613469985358712
3 0.24609375 0.39824304538799415 0.048828125 0.05856515373352855
3 0.5869140625 0.39824304538799415 0.05078125 0.0527086383601757
3 0.4345703125 0.4084919472913616 0.046875 0.06149341142020498
3 0.67578125 0.41142020497803805 0.056640625 0.04978038067349927
3 0.3408203125 0.4172767203513909 0.04296875 0.055636896046852125
3 0.51953125 0.4363103953147877 0.044921875 0.04685212298682284
9 0.15234375 0.5109809663250366 0.095703125 0.23718887262079064
9 0.8671875 0.5183016105417276 0.107421875 0.2225475841874085
9 0.765625 0.5446559297218155 0.095703125 0.21669106881405564
9 0.2451171875 0.5490483162518301 0.08984375 0.2430453879941435
9 0.6845703125 0.5666178623718887 0.0859375 0.23718887262079064
9 0.5966796875 0.5724743777452416 0.09765625 0.26061493411420206
9 0.33740234375 0.5739385065885798 0.0888671875 0.2225475841874085
9 0.435546875 0.595900439238653 0.091796875 0.2781844802342606
9 0.5234375 0.595900439238653 0.076171875 0.21961932650073207
6 0.160439453125 0.3628989751098097 0.047431640625 0.023001464128843338
6 0.2490234375 0.4235578330893119 0.029296875 0.023001464128843338
6 0.34876953125 0.43191800878477304 0.03626953125 0.023001464128843338
6 0.44154296875 0.4350512445095168 0.037666015625 0.03346998535871157
6 0.51966796875 0.4580673499267936 0.03208984375 0.025095168374816984
6 0.58802734375 0.4204099560761347 0.03208984375 0.025095168374816984
6 0.6787109375 0.4350512445095168 0.037666015625 0.029282576866764276
6 0.755439453125 0.41099560761347 0.034873046875 0.023001464128843338
6 0.853095703125 0.38903367496339675 0.034873046875 0.025095168374816984