3 0.4403846153846154 0.200836820083682 0.05153846153846154 0.07112970711297072
9 0.38846153846153847 0.2871338912133891 0.11076923076923077 0.15585774058577406
9 0.14923076923076922 0.36976987447698745 0.0876923076923077 0.16631799163179917
9 0.8246153846153846 0.44612970711297073 0.12461538461538461 0.22698744769874477
9 0.5903846153846154 0.4544979079497908 0.1176923076923077 0.23117154811715482
3 0.15461538461538463 0.26359832635983266 0.06 0.05439330543933055
3 0.5969230769230769 0.2834728033472803 0.07692307692307693 0.07322175732217573
3 0.8546153846153847 0.2604602510460251 0.06307692307692307 0.056485355648535567
3 0.7992307692307692 0.2834728033472803 0.06923076923076923 0.07322175732217573
9 0.7176923076923077 0.40794979079497906 0.06615384615384616 0.21338912133891214
9 0.8969230769230769 0.40481171548117156 0.06769230769230769 0.18200836820083682