3 0.2568359375 0.15294117647058825 0.14453125 0.15294117647058825
3 0.68603515625 0.2529411764705882 0.1435546875 0.1676470588235294
3 0.56201171875 0.26323529411764707 0.1044921875 0.1588235294117647
3 0.39599609375 0.2977941176470588 0.1591796875 0.17794117647058824
9 0.198193359375 0.5865 0.202685546875 0.49973529411764706
9 0.70703125 0.736764705882353 0.265625 0.5264705882352941
9 0.408916015625 0.7485294117647059 0.199755859375 0.5029411764705882
6 0.688916015625 0.34625 0.1526953125 0.09091176470588236
6 0.25080078125 0.2426470588235294 0.12873046875 0.07352941176470588
6 0.397724609375 0.38636764705882354 0.163349609375 0.08555882352941177
6 0.563740234375 0.350264705882353 0.110087890625 0.07486764705882352