3 0.87158203125 0.2080745341614907 0.0517578125 0.06418219461697723
3 0.35009765625 0.21325051759834368 0.0458984375 0.062111801242236024
3 0.701171875 0.2287784679089027 0.056640625 0.055900621118012424
3 0.44384765625 0.2370600414078675 0.0556640625 0.055900621118012424
3 0.20703125 0.23809523809523808 0.046875 0.07039337474120083
3 0.5146484375 0.2453416149068323 0.046875 0.07246376811594203
3 0.03515625 0.2670807453416149 0.048828125 0.07039337474120083
3 0.599609375 0.2732919254658385 0.048828125 0.07039337474120083
3 0.28076171875 0.2919254658385093 0.0517578125 0.07039337474120083
3 0.1162109375 0.3219461697722567 0.046875 0.07246376811594203
9 0.78564453125 0.42960662525879917 0.0810546875 0.32091097308488614
9 0.357421875 0.45652173913043476 0.087890625 0.2712215320910973
9 0.5205078125 0.4616977225672878 0.078125 0.2732919254658385
9 0.21142578125 0.47101449275362317 0.0888671875 0.28778467908902694
9 0.70263671875 0.4772256728778468 0.0791015625 0.2753623188405797
9 0.44580078125 0.4803312629399586 0.0810546875 0.34782608695652173
9 0.6083984375 0.4865424430641822 0.087890625 0.2525879917184265
9 0.8662109375 0.4927536231884058 0.046875 0.3188405797101449
9 0.95166015625 0.49585921325051757 0.0966796875 0.37060041407867494
9 0.28125 0.4989648033126294 0.064453125 0.2484472049689441
9 0.037109375 0.5093167701863354 0.068359375 0.3105590062111801
9 0.12646484375 0.5341614906832298 0.0849609375 0.2650103519668737
3 0.775390625 0.14285714285714285 0.060546875 0.07867494824016563
3 0.8310546875 0.19254658385093168 0.05078125 0.06625258799171843
3 0.94140625 0.19358178053830227 0.083984375 0.09730848861283643