3 0.7184684684684685 0.354 0.051351351351351354 0.112
3 0.8420990990990991 0.35154 0.042756756756756754 0.07262
3 0.47907207207207203 0.36716000000000004 0.03423423423423423 0.07
3 0.4175675675675676 0.384 0.027927927927927927 0.064
3 0.6671171171171171 0.384 0.03513513513513514 0.052
3 0.3684684684684685 0.401 0.03423423423423423 0.074
3 0.5509009009009009 0.414 0.036936936936936934 0.072
3 0.6058558558558559 0.429 0.02972972972972973 0.066
9 0.6675675675675675 0.512 0.04504504504504504 0.228
9 0.42162162162162165 0.518 0.043243243243243246 0.184
9 0.48423423423423423 0.518 0.051351351351351354 0.22
9 0.8594594594594595 0.541 0.07207207207207207 0.246
9 0.5495495495495496 0.546 0.05405405405405406 0.208
9 0.37027027027027026 0.549 0.05405405405405406 0.226
9 0.6063063063063063 0.559 0.04684684684684685 0.202
9 0.727027027027027 0.563 0.07387387387387387 0.282