3 0.706875 0.4166666666666667 0.06375 0.06818181818181818
3 0.500625 0.4583333333333333 0.03125 0.045454545454545456
3 0.454375 0.47632575757575757 0.04625 0.043560606060606064
3 0.585 0.47632575757575757 0.03 0.03598484848484849
3 0.631875 0.4895833333333333 0.04625 0.043560606060606064
3 0.216875 0.5 0.05875 0.04924242424242424
3 0.363125 0.5066287878787878 0.04125 0.0625
9 0.5775 0.5511363636363636 0.0475 0.09848484848484848
9 0.50375 0.5672348484848485 0.045 0.13068181818181818
9 0.718125 0.5814393939393939 0.11875 0.22348484848484848
9 0.4625 0.5956439393939394 0.0625 0.17234848484848486
9 0.62375 0.5994318181818182 0.0625 0.13825757575757575
9 0.361875 0.6164772727272727 0.06125 0.14962121212121213
9 0.215 0.6231060606060606 0.0875 0.17803030303030304