3 0.13107142857142856 0.42650214592274677 0.05142857142857143 0.06866952789699571
3 0.6428571428571429 0.4366952789699571 0.03428571428571429 0.03648068669527897
3 0.30214285714285716 0.453862660944206 0.03857142857142857 0.05793991416309013
3 0.74 0.453862660944206 0.05714285714285714 0.06223175965665236
3 0.3672285714285714 0.4573605150214592 0.0416 0.049892703862660946
9 0.7892857142857143 0.591480686695279 0.09107142857142857 0.17167381974248927
9 0.6607142857142857 0.5411802575107296 0.055357142857142855 0.11401287553648069
3 0.6129428571428571 0.5036266094420601 0.03125714285714286 0.04695278969957081
8 0.5736571428571429 0.5700214592274678 0.04197142857142857 0.11534334763948498
8 0.3540142857142857 0.5559227467811159 0.04554285714285714 0.12474248927038627
9 0.24777142857142856 0.5445278969957081 0.10982857142857143 0.11802575107296137
9 0.10937142857142858 0.5277682403433477 0.07590000000000001 0.156931330472103