8 0.701953125 0.27291666666666664 0.12578125 0.2625
3 0.5296875 0.3151041666666667 0.0734375 0.11145833333333334
3 0.3890625 0.34375 0.0828125 0.11666666666666667
3 0.1998046875 0.46510416666666665 0.11484375 0.146875
3 0.508984375 0.5041666666666667 0.09453125 0.1
3 0.675 0.5104166666666666 0.0984375 0.10625
3 0.72109375 0.06770833333333333 0.10078125 0.13072916666666667
8 0.55546875 0.7427083333333333 0.171875 0.32083333333333336
8 0.12109375 0.59375 0.109375 0.22395833333333334
8 0.326171875 0.42513541666666665 0.07421875 0.22786458333333334
8 0.703125 0.6145833333333334 0.068359375 0.09375