3 0.13125 0.20164126611957797 0.0625 0.07502930832356389
3 0.302734375 0.22626025791324736 0.06796875 0.07971864009378664
3 0.377734375 0.2508792497069168 0.06484375 0.08206330597889801
3 0.724609375 0.25263774912075027 0.07265625 0.0738569753810082
3 0.487890625 0.25908558030480655 0.06484375 0.08675263774912075
3 0.817578125 0.2637749120750293 0.08671875 0.08675263774912075
3 0.20859375 0.2661195779601407 0.075 0.08909730363423213
3 0.598828125 0.3159437280187573 0.06796875 0.07151230949589683
9 0.1229140625 0.39879249706916764 0.0953125 0.20984759671746775
9 0.716015625 0.4249706916764361 0.09921875 0.18405627198124266
9 0.4953125 0.43669402110199296 0.0875 0.19577960140679954
9 0.373046875 0.4449003516998828 0.08515625 0.20046893317702227
9 0.830078125 0.4671746776084408 0.12734375 0.1981242672919109
9 0.22421875 0.46893317702227433 0.0921875 0.2250879249706917
9 0.607421875 0.5064478311840562 0.08515625 0.2063305978898007
6 0.13411718749999998 0.24228604923798358 0.046875 0.042989449003517
6 0.2154921875 0.2921101992966002 0.05078125 0.029308323563892145
6 0.3053359375 0.25498241500586166 0.04296875 0.025404454865181714
9 0.2942734375 0.4044548651817116 0.0755234375 0.19929660023446658
6 0.3776015625 0.2823329425556858 0.0390625 0.02148886283704572
6 0.48763281249999996 0.28526377491207505 0.0455703125 0.027350527549824147
6 0.5989609375 0.3468112543962485 0.0416640625 0.04493552168815944
2 0.7272109375 0.270609613130129 0.0611953125 0.03712778429073857
6 0.8209609375 0.2921101992966002 0.0533828125 0.03321219226260258