3 0.64921875 0.16484375 0.1265625 0.1421875
4 0.8578125 0.89765625 0.06875 0.0515625
4 0.81875 0.940625 0.065625 0.078125
7 0.266640625 0.215484375 0.17971874999999998 0.26937500000000003
7 0.14456249999999998 0.21793749999999998 0.091796875 0.189453125
7 0.89271875 0.27084375 0.090453125 0.130078125
8 0.868828125 0.447453125 0.160859375 0.327046875
8 0.6855781249999999 0.5765 0.22740624999999998 0.522640625
8 0.203703125 0.49456249999999996 0.24132812499999998 0.44359374999999995
5 0.40815625000000005 0.67225 0.09665625 0.12037500000000001
5 0.443421875 0.573796875 0.068984375 0.12437499999999999
1 0.5913906250000001 0.6581875 0.10153125 0.141359375