3 0.38 0.5820393374741201 0.027428571428571427 0.022256728778467908
3 0.7655714285714286 0.592391304347826 0.03 0.03260869565217391
3 0.2987142857142857 0.6045548654244306 0.022 0.025879917184265012
3 0.44971428571428573 0.6045548654244306 0.026857142857142857 0.025879917184265012
3 0.9008571428571429 0.6086956521739131 0.026285714285714287 0.023809523809523808
3 0.6274285714285714 0.6174948240165632 0.01657142857142857 0.031055900621118012
3 0.6888571428571428 0.6190476190476191 0.019428571428571427 0.023809523809523808
3 0.23085714285714284 0.6216356107660456 0.02057142857142857 0.018633540372670808
3 0.5798571428571428 0.6242236024844721 0.018571428571428572 0.023809523809523808
3 0.5168571428571429 0.6275879917184265 0.018285714285714287 0.030538302277432712
8 0.37857142857142856 0.6771894409937887 0.03333428571428571 0.08109213250517598
8 0.22952285714285717 0.7047981366459628 0.03238 0.09144409937888198
8 0.29285714285714287 0.6875414078674947 0.03142857142857143 0.06728778467908902
8 0.3242857142857143 0.7091097308488613 0.018094285714285716 0.062111801242236024
8 0.4471428571428571 0.6849534161490682 0.029522857142857142 0.08971532091097309
8 0.57238 0.6935817805383023 0.01904857142857143 0.07936335403726709
8 0.5185714285714286 0.7039337474120083 0.016191428571428572 0.08281573498964803
8 0.6195228571428572 0.6789182194616977 0.016191428571428572 0.07074016563146997
8 0.6909514285714285 0.6909937888198758 0.02380857142857143 0.06383540372670807
8 0.7638085714285714 0.6806418219461697 0.03619142857142857 0.1052432712215321
8 0.8980942857142857 0.6901293995859212 0.03809428571428572 0.09316770186335403
3 0.3266657142857143 0.6323343685300208 0.026665714285714286 0.025879917184265012
6 0.3842857142857143 0.5995496894409937 0.02 0.015527950310559006