3 0.8091666666666667 0.155625 0.07166666666666667 0.07625
3 0.7470833333333333 0.165 0.05583333333333333 0.0825
3 0.26875 0.18625 0.0775 0.0875
3 0.14708333333333334 0.245625 0.0725 0.07375
9 0.85625 0.38625 0.09083333333333334 0.2925
9 0.73125 0.400625 0.08583333333333333 0.31625
9 0.29 0.4425 0.14166666666666666 0.325
9 0.12875 0.46 0.14416666666666667 0.3025
3 0.57 0.650625 0.07666666666666666 0.15375
3 0.6466666666666666 0.66625 0.058333333333333334 0.135
9 0.7508333333333334 0.676875 0.14666666666666667 0.15625
8 0.46041666666666664 0.713125 0.13583333333333333 0.17875