3 0.2918181818181818 0.40054495912806537 0.1290909090909091 0.14986376021798364
3 0.8745454545454545 0.47002724795640327 0.06909090909090909 0.08446866485013624
7 0.16454545454545455 0.4768392370572207 0.06727272727272728 0.10354223433242507
3 0.5281818181818182 0.48501362397820164 0.06363636363636363 0.08174386920980926
7 0.9290909090909091 0.5 0.08363636363636363 0.1008174386920981
8 0.5218181818181818 0.6580381471389646 0.11636363636363636 0.23160762942779292
8 0.6890909090909091 0.6920980926430518 0.12 0.21798365122615804
8 0.9063636363636364 0.7029972752043597 0.13272727272727272 0.28337874659400547
8 0.285 0.7643051771117166 0.1809090909090909 0.4359673024523161
8 0.7854545454545454 0.5565395095367848 0.04727272727272727 0.055858310626702996
3 0.7827272727272727 0.4904632152588556 0.04909090909090909 0.05449591280653951
8 0.14 0.6083106267029973 0.05818181818181818 0.12397820163487738
3 0.04181818181818182 0.48705722070844687 0.05272727272727273 0.07220708446866485
8 0.045454545454545456 0.6130790190735694 0.05818181818181818 0.14713896457765668