9 0.214 0.4864864864864865 0.144 0.36036036036036034
9 0.827 0.5195195195195195 0.138 0.3963963963963964
9 0.328 0.5570570570570571 0.164 0.36936936936936937
8 0.504 0.5690690690690691 0.14 0.34534534534534533
8 0.667 0.5780780780780781 0.118 0.35735735735735735
3 0.569 0.13513513513513514 0.086 0.08408408408408409
3 0.824 0.14414414414414414 0.1 0.06606606606606606
3 0.224 0.14714714714714713 0.084 0.06606606606606606
3 0.364 0.21021021021021022 0.084 0.07207207207207207
3 0.672 0.23573573573573572 0.084 0.06306306306306306
3 0.507 0.24624624624624625 0.082 0.06606606606606606
6 0.8191 0.20816816816816816 0.08364 0.04777777777777778
6 0.6718200000000001 0.29687687687687686 0.08364 0.04777777777777778
6 0.56772 0.19111111111111112 0.0809 0.046396396396396394
6 0.5059 0.3071171171171171 0.08272 0.049129129129129125
6 0.36363999999999996 0.2689189189189189 0.08546 0.05186186186186186
6 0.22682 0.20885885885885885 0.07546 0.05459459459459459
8 0.59272 0.3371471471471471 0.07271999999999999 0.1364864864864865