3 0.33040972222222226 0.54 0.034722222222222224 0.03518518518518519
3 0.2722222222222222 0.5425925925925926 0.03333333333333333 0.03333333333333333
3 0.5692986111111111 0.5439814814814815 0.0375 0.03425925925925926
3 0.6520972222222222 0.5444444444444444 0.03819444444444445 0.03333333333333333
3 0.40868055555555555 0.5541666666666667 0.03125 0.03796296296296296
3 0.453125 0.5696388888888889 0.025694444444444443 0.027777777777777776
3 0.4866388888888889 0.5703518518518519 0.05277777777777778 0.03425925925925926
9 0.26493055555555556 0.6248055555555555 0.04513888888888889 0.11296296296296296
9 0.5661805555555556 0.6273148148148148 0.059027777777777776 0.11574074074074074
9 0.3193472222222222 0.628962962962963 0.05277777777777778 0.12037037037037036
9 0.6707986111111112 0.6328703703703704 0.0763888888888889 0.10648148148148148
9 0.40193749999999995 0.643324074074074 0.05277777777777778 0.13148148148148148
9 0.44166666666666665 0.65 0.02638888888888889 0.10925925925925926
9 0.4826388888888889 0.6717592592592593 0.059722222222222225 0.13055555555555556