9 0.746875 0.59375 0.2875 0.178125
9 0.2359375 0.6 0.303125 0.178125
9 0.27265625 0.865625 0.2734375 0.165625
9 0.74609375 0.86640625 0.2484375 0.1625
9 0.7546875 0.2859375 0.265625 0.178125
9 0.26875 0.29609375 0.28125 0.1796875
7 0.267265625 0.16425 0.11351562500000001 0.07225000000000001
7 0.757 0.162828125 0.10434375 0.07509375
7 0.23545312499999999 0.4623125 0.1294375 0.083140625
7 0.737125 0.45676562499999995 0.121390625 0.080578125
7 0.27253125 0.74328125 0.10982812500000001 0.07121875
7 0.7445 0.743421875 0.10207812499999999 0.06865625
5 0.164875 0.9695937499999999 0.059281249999999994 0.05509375
5 0.410875 0.96703125 0.05128125 0.044296875
5 0.6070156250000001 0.96290625 0.065734375 0.050249999999999996
5 0.8895156249999999 0.96290625 0.05973437499999999 0.050249999999999996