9 0.253125 0.59375 0.2875 0.178125
9 0.7640625 0.6 0.303125 0.178125
9 0.72734375 0.865625 0.2734375 0.165625
9 0.25390625 0.86640625 0.2484375 0.1625
9 0.2453125 0.2859375 0.2640625 0.178125
9 0.73125 0.29609375 0.28125 0.1796875
7 0.246109375 0.169125 0.16690624999999998 0.15717187500000002
7 0.73784375 0.17153125 0.133546875 0.1283125
7 0.74425 0.471859375 0.175203125 0.120796875
7 0.28898437499999996 0.46224999999999994 0.146859375 0.11599999999999999
7 0.26373437499999997 0.742140625 0.13484374999999998 0.11568750000000001
7 0.723625 0.745140625 0.11712499999999999 0.10006250000000001