9 0.48359375 0.4125 0.2640625 0.4296875
9 0.82734375 0.434375 0.2703125 0.4421875
9 0.175 0.38671875 0.2015625 0.3375
0 0.2734375 0.76640625 0.078125 0.1
7 0.474640625 0.09221875 0.141890625 0.1844375
7 0.8301562499999999 0.1003125 0.13984375 0.188703125
7 0.071265625 0.20885937499999999 0.14195312499999999 0.155765625
5 0.18859375 0.28371875 0.064109375 0.08106250000000001
5 0.335453125 0.6248125 0.0566875 0.08996875
5 0.6896875 0.613734375 0.05493749999999999 0.084859375
5 0.060750000000000005 0.575796875 0.058437499999999996 0.06296874999999999