9 0.7453125 0.6140625 0.509375 0.771875
9 0.1140625 0.63359375 0.0953125 0.359375
9 0.05703125 0.653125 0.0671875 0.328125
9 0.3875 0.659375 0.2984375 0.6796875
9 0.1640625 0.66796875 0.1484375 0.4859375
9 0.2578125 0.7234375 0.1359375 0.553125
7 0.6936093750000001 0.202765625 0.261328125 0.35554687500000004
7 0.376234375 0.331359375 0.17121875 0.23771874999999998
7 0.26553125 0.40904687500000003 0.092671875 0.17879687500000002
7 0.173578125 0.425109375 0.087328125 0.210953125
7 0.111078125 0.45726562499999995 0.069484375 0.16809375
7 0.050812500000000003 0.526015625 0.047171875 0.109171875