9 0.75 0.6203125 0.5 0.759375
9 0.11015625 0.64140625 0.1 0.396875
9 0.0640625 0.65703125 0.059375 0.3421875
9 0.38828125 0.6609375 0.2984375 0.678125
9 0.16953125 0.66796875 0.1484375 0.4703125
9 0.26015625 0.7265625 0.1375 0.546875
7 0.692265625 0.184015625 0.267578125 0.368046875
7 0.35971875 0.34475 0.16496875 0.22878125
7 0.26284375 0.40657812499999996 0.105171875 0.169421875
7 0.187859375 0.41662499999999997 0.09803125 0.14932812499999998
7 0.09523437500000001 0.4411875 0.086890625 0.11807812499999999