9 0.74609375 0.61796875 0.5078125 0.7640625
9 0.09921875 0.63046875 0.0828125 0.378125
9 0.0609375 0.65546875 0.08125 0.334375
9 0.3828125 0.65703125 0.3015625 0.6859375
9 0.165625 0.66640625 0.15625 0.4921875
9 0.23203125 0.7125 0.1828125 0.575
7 0.729421875 0.2048125 0.3234375 0.3871875
7 0.3695 0.34103125 0.1444375 0.226953125
7 0.27475 0.41335937500000003 0.120828125 0.172078125
7 0.18503125 0.422171875 0.095203125 0.165671875
7 0.10770312500000001 0.43639062500000003 0.094421875 0.12440625000000001