9 0.75 0.61796875 0.5 0.7640625
9 0.10625 0.64609375 0.0953125 0.3953125
9 0.38984375 0.659375 0.2984375 0.6796875
9 0.06328125 0.659375 0.0671875 0.3296875
9 0.17109375 0.67109375 0.1515625 0.49375
9 0.265625 0.725 0.134375 0.55
7 0.6969531250000001 0.186703125 0.23678125 0.37340625
7 0.37265625 0.32823437499999997 0.14621875 0.25825
7 0.268203125 0.40614062500000003 0.11587499999999999 0.177453125
7 0.18896875 0.427796875 0.095796875 0.14485937499999998
7 0.11374999999999999 0.430921875 0.074828125 0.12432812499999998
7 0.06465625 0.493640625 0.06592187499999999 0.084609375